ASC_CAR = 0.6143260053445182
B_COST_CAR_HI = -0.16566248888029703
B_COST_CAR_LI = -0.4555394408327756
B_COST_PT_HI = -0.09784350878521975
B_COST_PT_LI = -0.183450598386245
B_TIME = -0.00932343926137867
