ASC_CAR = 0.8844470894689885
B_COST = -0.06594103149391674
B_TIME_CAR = -0.03234842880076773
B_TIME_PT = -0.012623980032446738
