ASC_CAR = 0.5560415127258515
B_COST_HI = -0.09829734026754802
B_COST_LI = -0.056939499082673095
B_TIME = -0.006769483988348063
