ASC_CAR = 0.7281035783987632
B_COST_CAR_HI = -0.17573360386990075
B_COST_CAR_LI = -0.4762464306144927
B_COST_CAR_MI = -0.13387914215121374
B_COST_PT_HI = -0.09376672416945311
B_COST_PT_LI = -0.17991286612113733
B_COST_PT_MI = -0.04472792335154016
B_TIME = -0.010877334877364805
