ASC_CAR = 0.7239387829844481
B_COST_CAR_INC_1 = -0.6316120651420706
B_COST_CAR_INC_2 = -0.45467109894932534
B_COST_CAR_INC_3 = -0.0843332070704169
B_COST_CAR_INC_4 = -0.193278038005026
B_COST_CAR_INC_5 = -0.15777810708804324
B_COST_CAR_INC_6 = -0.1941048233952631
B_COST_PT_INC_1 = -0.2938629621346395
B_COST_PT_INC_2 = -0.16488297297660354
B_COST_PT_INC_3 = -0.014978859642739468
B_COST_PT_INC_4 = -0.07445067933565762
B_COST_PT_INC_5 = -0.06940127891416643
B_COST_PT_INC_6 = -0.12126625346095454
B_TIME = -0.01116975255036636
