ASC_CAR = 1.0014991139602785
B_COST_CAR = 0.03210653390839384
B_COST_PT = -0.0692408339987579
B_TIME_CAR = -0.04974771569104802
B_TIME_PT = -0.012720809922343689
