ASC_CAR = 0.5899633731537081
B_COST_HI = -0.10185393925355794
B_COST_LI = -0.06390539413100717
B_COST_MI = -0.062355819131677044
B_TIME = -0.004330261931985472
