ASC_CAR = 0.5795331729190802
B_COST_INC_1 = -0.2403953908034468
B_COST_INC_2 = -0.02991340881661546
B_COST_INC_3 = -0.03990929750059639
B_COST_INC_4 = -0.08630819171304623
B_COST_INC_5 = -0.07516058289648801
B_COST_INC_6 = -0.13098418647472604
B_TIME = -0.004551970197013857
