ASC_CAR = 0.5849407025262906
B_COST = -0.07701025041654291
B_TIME = -0.0042805661570021105
