ASC_CAR = 0.9926086128098663
B_COST_CAR_A = 0.011030019720520865
B_COST_CAR_B = -0.2758155039769385
B_COST_CAR_M = 0.07025063275412953
B_COST_PT_A = -0.0953208892282556
B_COST_PT_B = -0.1750501535640345
B_COST_PT_M = -0.05416908759683374
B_TIME_CAR = -0.05069907087998399
B_TIME_PT = -0.012878423870896825
