ASC_CAR = 1.0014993154468306
B_COST_CAR = 0.032106589119079654
B_COST_PT = -0.06924076758053813
B_TIME_CAR = -0.049747698312148474
B_TIME_PT = -0.01272080200214083
