ASC_CAR = 0.8844472743022015
B_COST = -0.06594093089049559
B_TIME_CAR = -0.032348424694015936
B_TIME_PT = -0.012623978304133796
