ASC_CAR = 0.7353090421444638
B_COST_CAR = -0.15599392114247687
B_COST_PT = -0.06468431561696435
B_TIME = -0.01051253725087667
